123456,456789
234567,789123
345678,891234
456789,912345
567890,234567
678901,345678
789012,456789
890123,567890
901234,678901
123457,789012
234568,890123
345679,901234
456780,123456
567891,234567
678902,345678
789013,456789
890124,567890
901235,678901
123458,789012
234569,890123
345670,901234
456781,123456
567892,234567
678903,345678
789014,456789
890125,567890
901236,678901
123459,789012
234570,890123
345671,901234
456782,123456
567893,234567
678904,345678
789015,456789
890126,567890
901237,678901
123450,789012
234571,890123
345672,901234
456783,123456
567894,234567
678905,345678
789016,456789
890127,567890
901238,678901
123461,789012
234572,890123
345673,901234
456784,123456
567895,234567
678906,345678
789017,456789
890128,567890
901239,678901
123462,789012
234573,890123
345674,901234
456785,123456
567896,234567
678907,345678
789018,456789
890129,567890
901230,678901